<?xml version="1.0" encoding="UTF-8"?>
<collection>
  <cameras>
    <camera label="IMG_7618.jpg">
      <resolution width="972" height="648"/>
      <calibration>
        <width>972</width>
        <height>648</height>
        <fx>1.8707469131103019e+003</fx>
        <fy>1.8738616128634769e+003</fy>
        <cx>5.2586579873845619e+002</cx>
        <cy>4.0083738488303931e+002</cy>
        <skew>-8.6319592049510652e-001</skew>
        <k1>-1.6675726916786160e-001</k1>
        <k2>7.5676071357423513e-001</k2>
        <k3>-2.1665527393930941e+000</k3>
        <p1>-1.4556415480751863e-003</p1>
        <p2>-5.2912191800171066e-005</p2>
      </calibration>
      <transform>9.9683301478165265e-001 -3.1558264817455866e-003 -7.9460565065562733e-002 7.0737615896838760e-002 -3.8926618731656795e-004 9.9900665522955223e-001 -4.4559525119754598e-002 -4.0025763682849508e-001 7.9522255458184948e-002 4.4449337073568851e-002 9.9584158746286722e-001 2.0569299557796403e-001 0.0000000000000000e+000 0.0000000000000000e+000 0.0000000000000000e+000 1.0000000000000000e+000</transform>
    </camera>
    <camera label="IMG_7619.jpg">
      <resolution width="972" height="648"/>
      <calibration>
        <width>972</width>
        <height>648</height>
        <fx>1.8707469131103019e+003</fx>
        <fy>1.8738616128634769e+003</fy>
        <cx>5.2586579873845619e+002</cx>
        <cy>4.0083738488303931e+002</cy>
        <skew>-8.6319592049510652e-001</skew>
        <k1>-1.6675726916786160e-001</k1>
        <k2>7.5676071357423513e-001</k2>
        <k3>-2.1665527393930941e+000</k3>
        <p1>-1.4556415480751863e-003</p1>
        <p2>-5.2912191800171066e-005</p2>
      </calibration>
      <transform>9.9995079112895813e-001 -2.4330375639054305e-003 -9.6174658192002774e-003 3.4813301046660902e-002 1.8212922240356147e-003 9.9800476908715929e-001 -6.3112310795284288e-002 -2.1875746956572956e-001 9.7518313770044215e-003 6.3091688894009762e-002 9.9796008967157401e-001 2.2311358197820985e-001 0.0000000000000000e+000 0.0000000000000000e+000 0.0000000000000000e+000 1.0000000000000000e+000</transform>
    </camera>
    <camera label="IMG_7620.jpg">
      <resolution width="972" height="648"/>
      <calibration>
        <width>972</width>
        <height>648</height>
        <fx>1.8707469131103019e+003</fx>
        <fy>1.8738616128634769e+003</fy>
        <cx>5.2586579873845619e+002</cx>
        <cy>4.0083738488303931e+002</cy>
        <skew>-8.6319592049510652e-001</skew>
        <k1>-1.6675726916786160e-001</k1>
        <k2>7.5676071357423513e-001</k2>
        <k3>-2.1665527393930941e+000</k3>
        <p1>-1.4556415480751863e-003</p1>
        <p2>-5.2912191800171066e-005</p2>
      </calibration>
      <transform>9.9969511729032934e-001 4.4396443170881326e-004 -2.4687554788964932e-002 6.0846460822818978e-002 -2.1107747184909492e-003 9.9771492720697230e-001 -6.7531242091891541e-002 -5.0158941809979991e-002 2.4601160459672370e-002 6.7562762850325031e-002 9.9741167828538491e-001 2.4972906063642900e-001 0.0000000000000000e+000 0.0000000000000000e+000 0.0000000000000000e+000 1.0000000000000000e+000</transform>
    </camera>
    <camera label="IMG_7621.jpg">
      <resolution width="972" height="648"/>
      <calibration>
        <width>972</width>
        <height>648</height>
        <fx>1.8707469131103019e+003</fx>
        <fy>1.8738616128634769e+003</fy>
        <cx>5.2586579873845619e+002</cx>
        <cy>4.0083738488303931e+002</cy>
        <skew>-8.6319592049510652e-001</skew>
        <k1>-1.6675726916786160e-001</k1>
        <k2>7.5676071357423513e-001</k2>
        <k3>-2.1665527393930941e+000</k3>
        <p1>-1.4556415480751863e-003</p1>
        <p2>-5.2912191800171066e-005</p2>
      </calibration>
      <transform>9.9652890103780079e-001 1.7698078703274452e-002 -8.1344498317991759e-002 1.1882692862157447e-001 -2.5270727403893904e-002 9.9534269889267679e-001 -9.3028501533241145e-002 1.3134349940164564e-001 7.9319226754117733e-002 9.4761225040914651e-002 9.9233500920600093e-001 2.8755965252008003e-001 0.0000000000000000e+000 0.0000000000000000e+000 0.0000000000000000e+000 1.0000000000000000e+000</transform>
    </camera>
    <camera label="IMG_7622.jpg">
      <resolution width="972" height="648"/>
      <calibration>
        <width>972</width>
        <height>648</height>
        <fx>1.8707469131103019e+003</fx>
        <fy>1.8738616128634769e+003</fy>
        <cx>5.2586579873845619e+002</cx>
        <cy>4.0083738488303931e+002</cy>
        <skew>-8.6319592049510652e-001</skew>
        <k1>-1.6675726916786160e-001</k1>
        <k2>7.5676071357423513e-001</k2>
        <k3>-2.1665527393930941e+000</k3>
        <p1>-1.4556415480751863e-003</p1>
        <p2>-5.2912191800171066e-005</p2>
      </calibration>
      <transform>9.9940441433919347e-001 2.3013627842912800e-002 -2.5713605986746095e-002 9.6489185048266493e-002 -2.5744744369210006e-002 9.9343141192277939e-001 -1.1149546153309167e-001 3.1093616503153787e-001 2.2978788843142833e-002 1.1209104664789693e-001 9.9343221838466722e-001 3.1312932753838985e-001 0.0000000000000000e+000 0.0000000000000000e+000 0.0000000000000000e+000 1.0000000000000000e+000</transform>
    </camera>
    <camera label="IMG_7623.jpg">
      <resolution width="972" height="648"/>
      <calibration>
        <width>972</width>
        <height>648</height>
        <fx>1.8707469131103019e+003</fx>
        <fy>1.8738616128634769e+003</fy>
        <cx>5.2586579873845619e+002</cx>
        <cy>4.0083738488303931e+002</cy>
        <skew>-8.6319592049510652e-001</skew>
        <k1>-1.6675726916786160e-001</k1>
        <k2>7.5676071357423513e-001</k2>
        <k3>-2.1665527393930941e+000</k3>
        <p1>-1.4556415480751863e-003</p1>
        <p2>-5.2912191800171066e-005</p2>
      </calibration>
      <transform>9.9998256428382182e-001 4.6421242458977979e-003 3.6499055929911646e-003 8.9851705873163254e-002 -4.3536680975287036e-003 9.9714252885660992e-001 -7.5417655224366026e-002 4.3675109307960908e-001 -3.9895742189688848e-003 7.5400449785995527e-002 9.9714535323072173e-001 3.3400276497949261e-001 0.0000000000000000e+000 0.0000000000000000e+000 0.0000000000000000e+000 1.0000000000000000e+000</transform>
    </camera>
    <camera label="IMG_7624.jpg">
      <resolution width="972" height="648"/>
      <calibration>
        <width>972</width>
        <height>648</height>
        <fx>1.8707469131103019e+003</fx>
        <fy>1.8738616128634769e+003</fy>
        <cx>5.2586579873845619e+002</cx>
        <cy>4.0083738488303931e+002</cy>
        <skew>-8.6319592049510652e-001</skew>
        <k1>-1.6675726916786160e-001</k1>
        <k2>7.5676071357423513e-001</k2>
        <k3>-2.1665527393930941e+000</k3>
        <p1>-1.4556415480751863e-003</p1>
        <p2>-5.2912191800171066e-005</p2>
      </calibration>
      <transform>9.9889233961272583e-001 1.2323952477504905e-002 -4.5411607088353505e-002 1.4646016411805665e-001 -1.7154733175385028e-002 9.9404904382007031e-001 -1.0757422372522733e-001 6.1565656251444423e-001 4.3815624983516342e-002 1.0823409202158125e-001 9.9315938918764080e-001 3.7565540950423082e-001 0.0000000000000000e+000 0.0000000000000000e+000 0.0000000000000000e+000 1.0000000000000000e+000</transform>
    </camera>
    <camera label="IMG_7625.jpg">
      <resolution width="972" height="648"/>
      <calibration>
        <width>972</width>
        <height>648</height>
        <fx>1.8707469131103019e+003</fx>
        <fy>1.8738616128634769e+003</fy>
        <cx>5.2586579873845619e+002</cx>
        <cy>4.0083738488303931e+002</cy>
        <skew>-8.6319592049510652e-001</skew>
        <k1>-1.6675726916786160e-001</k1>
        <k2>7.5676071357423513e-001</k2>
        <k3>-2.1665527393930941e+000</k3>
        <p1>-1.4556415480751863e-003</p1>
        <p2>-5.2912191800171066e-005</p2>
      </calibration>
      <transform>9.9953421365070405e-001 -6.9992773541669769e-003 -2.9704643714209611e-002 1.4954104635287307e-001 2.4167515690802673e-003 9.8844141937373331e-001 -1.5158403536749149e-001 8.0508275964818365e-001 3.0422278900865324e-002 1.5144164084874084e-001 9.8799793236803835e-001 4.1429005269516289e-001 0.0000000000000000e+000 0.0000000000000000e+000 0.0000000000000000e+000 1.0000000000000000e+000</transform>
    </camera>
    <camera label="IMG_7626.jpg">
      <resolution width="972" height="648"/>
      <calibration>
        <width>972</width>
        <height>648</height>
        <fx>1.8707469131103019e+003</fx>
        <fy>1.8738616128634769e+003</fy>
        <cx>5.2586579873845619e+002</cx>
        <cy>4.0083738488303931e+002</cy>
        <skew>-8.6319592049510652e-001</skew>
        <k1>-1.6675726916786160e-001</k1>
        <k2>7.5676071357423513e-001</k2>
        <k3>-2.1665527393930941e+000</k3>
        <p1>-1.4556415480751863e-003</p1>
        <p2>-5.2912191800171066e-005</p2>
      </calibration>
      <transform>9.9942928868384739e-001 -3.1607953746682869e-002 -1.1917809397974041e-002 1.4989577460907832e-001 2.9829737771353587e-002 9.9136114115572971e-001 -1.2772342992145849e-001 9.4489958557760867e-001 1.5851929390177176e-002 1.2729503158551395e-001 9.9173821710583077e-001 4.4156530649216508e-001 0.0000000000000000e+000 0.0000000000000000e+000 0.0000000000000000e+000 1.0000000000000000e+000</transform>
    </camera>
    <camera label="IMG_7652.jpg">
      <resolution width="972" height="648"/>
      <calibration>
        <width>972</width>
        <height>648</height>
        <fx>1.8707469131103019e+003</fx>
        <fy>1.8738616128634769e+003</fy>
        <cx>5.2586579873845619e+002</cx>
        <cy>4.0083738488303931e+002</cy>
        <skew>-8.6319592049510652e-001</skew>
        <k1>-1.6675726916786160e-001</k1>
        <k2>7.5676071357423513e-001</k2>
        <k3>-2.1665527393930941e+000</k3>
        <p1>-1.4556415480751863e-003</p1>
        <p2>-5.2912191800171066e-005</p2>
      </calibration>
      <transform>-9.7820830084418986e-001 -1.6610725820767722e-001 -1.2456684522877992e-001 3.4887451129890107e-001 2.0010400438170020e-001 -9.1427099603148332e-001 -3.5223136323446241e-001 1.3383829123060498e+000 -5.5379667658187248e-002 -3.6948196787709048e-001 9.2758620506330358e-001 4.9061174685682785e-001 0.0000000000000000e+000 0.0000000000000000e+000 0.0000000000000000e+000 1.0000000000000000e+000</transform>
    </camera>
    <camera label="IMG_7653.jpg">
      <resolution width="972" height="648"/>
      <calibration>
        <width>972</width>
        <height>648</height>
        <fx>1.8707469131103019e+003</fx>
        <fy>1.8738616128634769e+003</fy>
        <cx>5.2586579873845619e+002</cx>
        <cy>4.0083738488303931e+002</cy>
        <skew>-8.6319592049510652e-001</skew>
        <k1>-1.6675726916786160e-001</k1>
        <k2>7.5676071357423513e-001</k2>
        <k3>-2.1665527393930941e+000</k3>
        <p1>-1.4556415480751863e-003</p1>
        <p2>-5.2912191800171066e-005</p2>
      </calibration>
      <transform>-9.7839987037768705e-001 -1.8455517231586849e-001 -9.3129383206296934e-002 2.9565895830542449e-001 2.0625061786669885e-001 -9.0188359314954736e-001 -3.7956115059008172e-001 1.2041343917721126e+000 -1.3941889202334377e-002 -3.9057057336558504e-001 9.2046740895392332e-001 4.5444368890461845e-001 0.0000000000000000e+000 0.0000000000000000e+000 0.0000000000000000e+000 1.0000000000000000e+000</transform>
    </camera>
    <camera label="IMG_7654.jpg">
      <resolution width="972" height="648"/>
      <calibration>
        <width>972</width>
        <height>648</height>
        <fx>1.8707469131103019e+003</fx>
        <fy>1.8738616128634769e+003</fy>
        <cx>5.2586579873845619e+002</cx>
        <cy>4.0083738488303931e+002</cy>
        <skew>-8.6319592049510652e-001</skew>
        <k1>-1.6675726916786160e-001</k1>
        <k2>7.5676071357423513e-001</k2>
        <k3>-2.1665527393930941e+000</k3>
        <p1>-1.4556415480751863e-003</p1>
        <p2>-5.2912191800171066e-005</p2>
      </calibration>
      <transform>-9.7550502444367981e-001 -1.9892699298582306e-001 -9.3904199835545377e-002 2.7479539563603050e-001 2.1874772718137020e-001 -9.2229516787832622e-001 -3.1862368895183385e-001 9.8816550707499695e-001 -2.3224537414565684e-002 -3.3136033976610485e-001 9.4321839787610706e-001 3.9697273531447702e-001 0.0000000000000000e+000 0.0000000000000000e+000 0.0000000000000000e+000 1.0000000000000000e+000</transform>
    </camera>
    <camera label="IMG_7655.jpg">
      <resolution width="972" height="648"/>
      <calibration>
        <width>972</width>
        <height>648</height>
        <fx>1.8707469131103019e+003</fx>
        <fy>1.8738616128634769e+003</fy>
        <cx>5.2586579873845619e+002</cx>
        <cy>4.0083738488303931e+002</cy>
        <skew>-8.6319592049510652e-001</skew>
        <k1>-1.6675726916786160e-001</k1>
        <k2>7.5676071357423513e-001</k2>
        <k3>-2.1665527393930941e+000</k3>
        <p1>-1.4556415480751863e-003</p1>
        <p2>-5.2912191800171066e-005</p2>
      </calibration>
      <transform>-9.7180956362178894e-001 -1.9439190618113866e-001 -1.3340899094323269e-001 2.7804858706995900e-001 2.2216153649895798e-001 -9.4446757821157656e-001 -2.4212650703213340e-001 7.6645869949757039e-001 -7.8933033348847853e-002 -2.6493920155088974e-001 9.6102902959688330e-001 3.5012064711110896e-001 0.0000000000000000e+000 0.0000000000000000e+000 0.0000000000000000e+000 1.0000000000000000e+000</transform>
    </camera>
    <camera label="IMG_7656.jpg">
      <resolution width="972" height="648"/>
      <calibration>
        <width>972</width>
        <height>648</height>
        <fx>1.8707469131103019e+003</fx>
        <fy>1.8738616128634769e+003</fy>
        <cx>5.2586579873845619e+002</cx>
        <cy>4.0083738488303931e+002</cy>
        <skew>-8.6319592049510652e-001</skew>
        <k1>-1.6675726916786160e-001</k1>
        <k2>7.5676071357423513e-001</k2>
        <k3>-2.1665527393930941e+000</k3>
        <p1>-1.4556415480751863e-003</p1>
        <p2>-5.2912191800171066e-005</p2>
      </calibration>
      <transform>-9.7464812449045679e-001 -1.5623188378533115e-001 -1.6016439028736024e-001 2.7971726219048454e-001 1.9165133687418667e-001 -9.5234540151881220e-001 -2.3729307044309017e-001 6.0996542075537263e-001 -1.1545907717270255e-001 -2.6197296558015126e-001 9.5814370884725242e-001 3.2255907578697951e-001 0.0000000000000000e+000 0.0000000000000000e+000 0.0000000000000000e+000 1.0000000000000000e+000</transform>
    </camera>
    <camera label="IMG_7657.jpg">
      <resolution width="972" height="648"/>
      <calibration>
        <width>972</width>
        <height>648</height>
        <fx>1.8707469131103019e+003</fx>
        <fy>1.8738616128634769e+003</fy>
        <cx>5.2586579873845619e+002</cx>
        <cy>4.0083738488303931e+002</cy>
        <skew>-8.6319592049510652e-001</skew>
        <k1>-1.6675726916786160e-001</k1>
        <k2>7.5676071357423513e-001</k2>
        <k3>-2.1665527393930941e+000</k3>
        <p1>-1.4556415480751863e-003</p1>
        <p2>-5.2912191800171066e-005</p2>
      </calibration>
      <transform>-9.7955798936859784e-001 -9.9802520741764128e-002 -1.7465853061828876e-001 2.8145559243671753e-001 1.4642368683748003e-001 -9.4909870698574350e-001 -2.7887586545075799e-001 4.8948776405639516e-001 -1.3793567122782105e-001 -2.9874922803511889e-001 9.4431067416997450e-001 2.9676650737131621e-001 0.0000000000000000e+000 0.0000000000000000e+000 0.0000000000000000e+000 1.0000000000000000e+000</transform>
    </camera>
    <camera label="IMG_7658.jpg">
      <resolution width="972" height="648"/>
      <calibration>
        <width>972</width>
        <height>648</height>
        <fx>1.8707469131103019e+003</fx>
        <fy>1.8738616128634769e+003</fy>
        <cx>5.2586579873845619e+002</cx>
        <cy>4.0083738488303931e+002</cy>
        <skew>-8.6319592049510652e-001</skew>
        <k1>-1.6675726916786160e-001</k1>
        <k2>7.5676071357423513e-001</k2>
        <k3>-2.1665527393930941e+000</k3>
        <p1>-1.4556415480751863e-003</p1>
        <p2>-5.2912191800171066e-005</p2>
      </calibration>
      <transform>-9.7946896579623943e-001 -1.5342530714685727e-002 -2.0101032757874407e-001 3.0616146468203392e-001 7.1705812807688535e-002 -9.5840694057764930e-001 -2.7625063377697240e-001 3.0789882933411478e-001 -1.8841130924558061e-001 -2.8499253148786047e-001 9.3983000353495205e-001 2.6267990531094587e-001 0.0000000000000000e+000 0.0000000000000000e+000 0.0000000000000000e+000 1.0000000000000000e+000</transform>
    </camera>
  </cameras>
  <transform>2.7694900329729840e+001 2.5392011594365184e+002 5.4118470162177800e+001 6.6670066415987478e+005 2.5949821314888629e+002 -2.8762442620351280e+001 2.1542666622218207e+000 5.4456422027225094e+006 8.0567652359546997e+000 5.3558736089261856e+001 -2.5541689826685177e+002 4.6848797492713061e+002 0.0000000000000000e+000 0.0000000000000000e+000 0.0000000000000000e+000 1.0000000000000000e+000</transform>
  <region>
    <center>4.6769198108370075e-002 1.6672089950935109e-001 1.8757319005504849e+000</center>
    <size>2.0527148246765137e+000 1.1775308847427368e+000 2.6224559545516968e-001</size>
    <R>-1.8076817302331005e-001 -9.6340638630316500e-001 -1.9791665531756450e-001 -9.8137346285726212e-001 1.8998827486136224e-001 -2.8470718549935770e-002 6.5030715983763018e-002 1.8908355360919263e-001 -9.7980529480767686e-001</R>
  </region>
</collection>
